image_width: 4000
image_height: 3000
camera_name: blackfly_camera
camera_matrix:
  rows: 3
  cols: 3
  data: [3000.0, 0.0, 2000.0, 0.0, 3000.0, 1500.0, 0.0, 0.0, 1.0]
distortion_model: plumb_bob
distortion_coefficients:
  rows: 1
  cols: 5
  data: [0.0, 0.0, 0.0, 0.0, 0.0]
rectification_matrix:
  rows: 3
  cols: 3
  data: [1.0, 0.0, 0.0, 0.0, 1.0, 0.0, 0.0, 0.0, 1.0]
projection_matrix:
  rows: 3
  cols: 4
  data: [3000.0, 0.0, 2000.0, 0.0, 0.0, 3000.0, 1500.0, 0.0, 0.0, 0.0, 1.0, 0.0]
